-1.0830062627792358 -0.5242972373962402
-1.038827657699585 -0.44777756929397583
-0.9902495741844177 -0.3740338385105133
-0.9482835531234741 -0.2963368594646454
-0.9132488965988159 -0.21527796983718872
-0.885412335395813 -0.13147404789924622
-0.8752237558364868 -0.04375766962766647
-0.8499581813812256 0.04085686802864075
-0.8013800978660583 0.11460060626268387
-0.7594140768051147 0.19229759275913239
-0.7243794202804565 0.27335649728775024
-0.6965428590774536 0.35716041922569275
-0.6761162281036377 0.44307154417037964
-0.663254976272583 0.5304360389709473
-0.6580569744110107 0.6185890436172485
-0.6657578349113464 0.7066101431846619
-0.6734586954116821 0.7946312427520752
-0.6759635210037231 0.8829018473625183
-0.6861521005630493 0.9706181883811951
-0.7039469480514526 1.0571128129959106
-0.7292125225067139 1.141727328300476
-0.7617565989494324 1.2238178253173828
-0.8013315200805664 1.3027595281600952
-0.8476360440254211 1.3779516220092773
-0.9044310450553894 1.4456372261047363
-0.9571127891540527 1.5165075063705444
-1.023121953010559 1.5751655101776123
-1.0779423713684082 1.6443947553634644
-1.1199084520339966 1.7220916748046875
-1.1427769660949707 1.8074382543563843
-1.160571813583374 1.8939329385757446
-1.1858373880386353 1.97854745388031
-1.223178744316101 2.058626413345337
-1.2582132816314697 2.1396851539611816
-1.2786399126052856 2.2255961894989014
-1.283837914466858 2.313749074935913
-1.2634111642837524 2.399660110473633
-1.2609063386917114 2.4879307746887207
-1.2330697774887085 2.571734666824341
-1.212643027305603 2.6576457023620605
-1.1997817754745483 2.7450103759765625
-1.1997817754745483 2.8333675861358643
-1.1997817754745483 2.921724796295166
-1.194583773612976 3.0098776817321777
-1.197088599205017 3.0981483459472656
-1.2124316692352295 3.1851632595062256
-1.2226201295852661 3.2728796005249023
-1.250456690788269 3.3566834926605225
-1.25815749168396 3.444704532623291
-1.260662317276001 3.532975196838379
-1.2708507776260376 3.6206915378570557
-1.2937192916870117 3.706038236618042
-1.3165878057479858 3.7913849353790283
-1.3343826532363892 3.8778796195983887
-1.3596482276916504 3.962494134902954
-1.4016143083572388 4.040191173553467
-1.419409155845642 4.126685619354248
-1.4446747303009033 4.211299896240234
-1.477218747138977 4.293390274047852
-1.521397352218628 4.369909763336182
-1.5655759572982788 4.446429252624512
-1.6097545623779297 4.522948741912842
-1.649329423904419 4.6018900871276855
-1.704149842262268 4.671119213104248
-1.7414911985397339 4.7511982917785645
-1.7717112302780151 4.834227085113525
-1.8019312620162964 4.917255878448486
-1.8321512937545776 5.000284671783447
-1.8671858310699463 5.081343650817871
-1.8825289011001587 5.16835880279541
-1.9029555320739746 5.254270076751709
-1.9081535339355469 5.342422962188721
-1.8928104639053345 5.42943811416626
-1.872383713722229 5.515349388122559
-1.8595224618911743 5.6027140617370605
-1.8595224618911743 5.691071510314941
-1.8647204637527466 5.779224395751953
-1.8442937135696411 5.865135669708252
-1.8314324617385864 5.952500343322754
-1.8262344598770142 6.040653228759766
-1.8287392854690552 6.1289238929748535
-1.8389277458190918 6.216640472412109
-1.861796259880066 6.301987171173096
-1.8896328210830688 6.385791301727295
-1.9024940729141235 6.473155975341797
-1.8947932720184326 6.5611772537231445
-1.8947932720184326 6.5611772537231445
-1.8728830814361572 6.645991325378418
-1.8249609470367432 6.719393253326416
-1.7690125703811646 6.787318229675293
-1.713064193725586 6.85524320602417
-1.6571159362792969 6.923167705535889
-1.6011675596237183 6.991092681884766
-1.5452191829681396 7.059017658233643
-1.489270806312561 7.1269426345825195
-1.433322548866272 7.194867134094238
-1.3773741722106934 7.262792110443115
-1.3214257955551147 7.330717086791992
-1.2654774188995361 7.398641586303711
-1.2095290422439575 7.466566562652588
-1.153580665588379 7.534491539001465
-1.0976322889328003 7.602416515350342
-1.0416839122772217 7.670341491699219
-0.9857355356216431 7.7382659912109375
-0.9297871589660645 7.8061909675598145
-0.8738387823104858 7.874115943908691
-0.8178904056549072 7.942040920257568
-0.7619420289993286 8.009965896606445
-0.70599365234375 8.077890396118164
-0.6500452756881714 8.1458158493042
-0.5940968990325928 8.213740348815918
-0.5381485223770142 8.281664848327637
-0.48220011591911316 8.349590301513672
-0.42625173926353455 8.41751480102539
-0.37030336260795593 8.485440254211426
-0.31435495615005493 8.553364753723145
-0.2584065794944763 8.621289253234863
-0.2024582028388977 8.689214706420898
-0.1465098261833191 8.757139205932617
-0.09056144207715988 8.825063705444336
-0.03461305797100067 8.892989158630371
0.02133532427251339 8.96091365814209
0.07728370279073715 9.028839111328125
0.13323208689689636 9.096763610839844
0.19184044003486633 9.162240028381348